76561198797218712
76561198202022710
76561198325664618
76561198325542738
76561198180756433
76561198177460033
76561198304443315
76561198215144643
76561198420607261
76561198286706130
76561198309225947 
76561198256917815
76561198386075382
76561198184583163
76561198336313854
76561198183648070
76561198206105348
76561198238953578
76561198350190039
76561198258985657
76561198230075748
76561198352930208
76561198332434510
76561198254536511
76561198304105236
76561198377849181
76561198200821027
76561198281278136
76561198847261341
76561198314364788